31462771
31631010
28035047
31690075
27562793
27664298
29053339
26851678
1690918
26589970
32054864
7525119
30168946
31629053
29511351
12146576
32111035
18287869
31852446
7613477
32363241
25660075
29167150
31197036
31747610
31914588
31666191
28869973
31462771
31152409
6299469
23266720
29326245
32103017
20301590
31481451
31468715
33144569
6109755
15597
30465518
27776476
30780033
31082616
28803779
29429925
28035047
31690075
31500110
31586907
27836057
31643050
29326245
30283133
31561018
27523033
30285347
22831748
32433610
32493979
31342705
31728578
10365964
30790642
32879484
27743347
32145543
31690075
30718913
31462771
31786011
28642195
31756923
27920298
32029474
32433613
30283133
31631010
15060002
11922861
30371052
30184499
31953471
31811140
31648943
31739453
27733359
15143155
8728318
32246385
31862954
10334992
28416141
30538157
23737382
6140258
32879484
30137093
32879484
30137093