11118637
18057827
31057561
31057561
9632795
11845046
12469708
12070026
15713084
27132058
16054130
12773569
25817991
7527024
2538244
21622556
31906372
31477042
31495050
29429372
31481104
31027310
26697855
29054571
26226355
31972323
27750106
24835434
32129713
24127144
29429372
31495050
24401164
24330678
21913962
17923128
11524411
17521609
12604677
17310143
11145841
12538816
22019611
11359848
31477042
26226355
31821471
24954084
32005275
28803494
20593890
17623671
31821471
26226355
26117089
31894424
27750106
28305584
20017013
22560622
31821471
32005275
15126324
27338081
10946302
27338081
18672896
27405372
28572048
17995934
30782542
31206466
8569188
31477042
30782542
31894424
31821471
27132058
19883269
29132070
9478926
28040600
29757229
24330678
26039142
23315069
31281635
24954084
17517873
24330678
28498079
24835434
12505364
12954625
16343550
15126324
26226355
31821471
31821471
29757229