25672855
171269
23150241
31705933
2413152
32311664
15519293
1830446
25924644
29868985
14690244
28342754
12905850
10551365
26632898
2576276
26185616
18768081
29360541
1459618
23132770
16328981
9473248
9449945
2831386
6949637
12484780
4006046
30864862
3109
6123550
11467781
1367638
52644
22331632
1367638
25841894
8921171
10551365
24623720
8135678
1024600
7002737
4009739
3395468
2684640
655631
9860839
6949637
11119504
11222152
6691919
8783248
8170953
512407
1658595
8694518
362952
8765126
14557260
2168385
7765884
2981904
3031074
8818219
32188406
18615190
32795117
6519645
5500207
7851410
11735417
30466593
4017542
11485269
31650885
33199623
6392022
26704729
22402057
32046373
17154373
32105812
1056281
27068473
30553804
27210033
955979
793783
21238443
17576770
10514083
30562113
10705449
3080348
25034144
21664227
26024761
25392908
3080348