29929562
30699121
32125848
28962524
27247265
27004848
31500110
29863195
28190493
6142888
29666285
29579063
29031233
15530475
28472192
31118512
31006464
31563318
31324846
29966658
31727780
28064239
31991788
26851678
20301590
2939236
27091637
30043753
27091637
30043753
29448154
19684243
31183584
30606210
29396115
32112098
26982734
25792100
31477731
31872231
31748520
28500727
26123998
30842656
29042366
30762590
31103331
29859100
19617444
15219459
29604290
28683919
31462771
31754401
28552584
30715101
26227334
30658033
28476164
31669413
29150677
28161493
31350538
27599530
32210695
29615789
30745327
23196205
26519059
28202596
32879484
30714194
32966758
33010153
29987190
25684209
31087300
20019387
30886146
32366460
27989438
31935221
31616951
30886146
32099032
30184499
30886224
27989438
32494005
31728578
30831486
16170363
31066068
32210695
29368606
31238530
29429925
30266156
28683919
27531967