31410472
31353518
26732975
30103923
6137189
8619631
25672855
29953872
30845751
31766565
31786011
28035047
28796890
32787138
29925686
31911608
30718913
29720649
30500525
31069509
29760092
31293605
27531967
29666285
30816200
11597003
29429925
24441099
32879484
1317856
30718913
31427083
27153536
31138815
17671194
16998534
30449621
28677093
27598944
31398921
30782188
30877109
31054974
31110176
31491951
30169518
27117704
9010772
31481451
31209109
30782188
30886146
31165730
27235683
31481451
20301590
31822509
30184499
28918903
29187520
26732975
31152409
30718913
31427083
29779826
31735643
11597003
19241385
29680235
24524824
31631010
29870659
27392637
15478125
202247
6223028
31374128
30940071
25956063
29507414
32879484
2105213
28919076
29342141
30232163
31051070
31728578
31753913
32653007
14702349
31088856
29878847
30323286
31462771
10364248
16682116
26732975
31152408
30449621
31350538