31500110
28653367
30046786
30566948
31462771
29249690
26450419
29368606
26669439
27318192
29284196
14581364
26603619
28734079
28973931
27219867
5344727
31524380
22316175
23614353
24330254
29704158
4868077
20661960
29038773
16930621
11525240
29856600
14964851
32242499
7749062
9211740
22734708
8343529
5477287
32896529
32223900
14492639
28257847
19323035
955979
6253999
31950558
10698688
6371012
16954802
11737206
23686744
1339430
24576411
624706
10091611
31681753
8383844
5917798
8550527
31669599
11845046
11845046
31477042
28531111
30782542
31477042
15157644
25746020
30443720
24330678
28428221
30782542
27793009
15654360
9160883
28871037
7961789
9191471
31894424
27917902
31894424
27405372
29757229
30782542
27793009
16701896
25746020
28498079
1375914
23982969
15197232
17712041
31281635
24954084
1713678
31368360
31477042
32005275
25554522
31821471
31477042
28531111
31821471