26632898
2576276
26185616
18768081
29360541
1459618
23132770
16328981
9473248
9449945
23853584
20711500
22761572
30037810
22810586
30037810
25544563
30209081
25544563
30833792
10498661
19637933
18985028
22258240
17446270
18985028
22761572
22898364
16033967
33199623
6392022
26704729
22402057
32046373
17154373
32105812
1056281
27068473
30553804
27210033
955979
793783
21238443
17576770
10514083
30562113
10705449
3080348
25034144
21664227
26024761
25392908
3080348
8783248
8170953
512407
1658595
8694518
362952
8765126
14557260
2168385
7765884
2981904
3031074
8818219
32188406
18615190
32795117
6519645
5500207
7851410
11735417
30466593
4017542
11485269
31650885
33199623
6392022
26704729
22402057
32046373
17154373
32105812
1056281
27068473
30553804
27210033
955979
793783
21238443
17576770
10514083
30562113
10705449
3080348
25034144
21664227
26024761
25392908